     1        0   129600   0.000
     2    12510   129600   0.010
     3    25019   129600   0.020
     4    37528   129600   0.030
     5    50037   129600   0.040
     6    62546   130100   0.050
     7    75055   130100   0.060
     8    87564   130100   0.070
     9   100073   130100   0.080
    10   112582   131142   0.090
    11   125091   131142   0.100
    12   137600   131142   0.110
    13   150109   132211   0.120
    14   162618   132211   0.130
    15   175127   132211   0.140
    16   187636   132211   0.150
    17   200145   133232   0.160
    18   212654   133232   0.170
    19   225163   133232   0.180
    20   237672   134150   0.190
    21   250181   134150   0.200
    22   262690   134150   0.210
    23   275199   135002   0.220
    24   287708   135002   0.230
    25   300217   135869   0.240
    26   312726   135869   0.250
    27   325235   135869   0.260
    28   337744   135869   0.270
    29   350253   137059   0.280
    30   362762   137059   0.290
    31   375271   137059   0.300
    32   387780   137059   0.310
    33   400289   138267   0.320
    34   412798   138267   0.330
    35   425307   138267   0.340
    36   437816   138267   0.350
    37   450325   139363   0.360
    38   462834   139363   0.370
    39   475343   139363   0.380
    40   487852   140592   0.390
    41   500361   140592   0.400
    42   512870   140592   0.410
    43   525379   140592   0.420
    44   537888   141756   0.430
    45   550397   141756   0.440
    46   562906   141756   0.450
    47   575415   142914   0.460
    48   587924   142914   0.470
    49   600433   142914   0.480
    50   612942   142914   0.490
    51   625451   144188   0.500
    52   637960   144188   0.510
    53   650469   144188   0.520
    54   662978   144188   0.530
    55   675487   145382   0.540
    56   687996   145382   0.550
    57   700505   145382   0.560
    58   713014   146559   0.570
    59   725523   146559   0.580
    60   738032   146559   0.590
    61   750541   147754   0.600
    62   763050   147754   0.610
    63   775559   147754   0.620
    64   788068   147754   0.630
    65   800577   149006   0.640
    66   813086   149006   0.650
    67   825595   149006   0.660
    68   838104   150221   0.670
    69   850613   150221   0.680
    70   863122   150221   0.690
    71   875631   151438   0.700
    72   888140   151438   0.710
    73   900649   151438   0.720
    74   913158   151438   0.730
    75   925667   152724   0.740
    76   938176   152724   0.750
    77   950685   152724   0.760
    78   963194   153970   0.770
    79   975703   153970   0.780
    80   988212   153970   0.790
    81  1000721   155119   0.800
    82  1013230   155119   0.810
    83  1025739   155119   0.820
    84  1038248   156231   0.830
    85  1050757   156231   0.840
    86  1063266   156231   0.850
    87  1075775   157524   0.860
    88  1088284   157524   0.870
    89  1100793   157524   0.880
    90  1113302   158828   0.890
    91  1125811   158828   0.900
    92  1138320   158828   0.910
    93  1150829   160142   0.920
    94  1163338   160142   0.930
    95  1175847   160142   0.940
    96  1188356   160142   0.950
    97  1200865   161458   0.960
    98  1213374   161458   0.970
    99  1225883   161458   0.980
   100  1238392   162879   0.990
   101  1250901   162879   1.000
   102  1263410   162879   1.010
   103  1275919   162879   1.020
   104  1288428   164280   1.030
   105  1300937   164280   1.040
   106  1313446   164280   1.050
   107  1325955   165631   1.060
   108  1338464   165631   1.070
   109  1350973   165631   1.080
   110  1363482   166957   1.090
   111  1375991   166957   1.100
   112  1388500   166957   1.110
   113  1401009   168348   1.120
   114  1413518   168348   1.130
   115  1426027   168348   1.140
   116  1438536   168348   1.150
   117  1451045   169713   1.160
   118  1463554   169713   1.170
   119  1476063   169713   1.180
   120  1488572   171167   1.190
   121  1501081   171167   1.200
   122  1513590   171167   1.210
   123  1526099   172245   1.220
   124  1538608   172245   1.230
   125  1551117   172245   1.240
   126  1563626   173693   1.250
   127  1576135   173693   1.260
   128  1588644   173693   1.270
   129  1601153   173693   1.280
   130  1613662   175021   1.290
   131  1626171   175021   1.300
   132  1638680   175021   1.310
   133  1651189   176417   1.320
   134  1663698   176417   1.330
   135  1676207   176417   1.340
   136  1688716   177502   1.350
   137  1701225   177502   1.360
   138  1713734   177502   1.370
   139  1726243   178889   1.380
   140  1738752   178889   1.390
   141  1751261   178889   1.400
   142  1763770   180297   1.410
   143  1776279   180297   1.420
   144  1788788   180297   1.430
   145  1801297   181646   1.440
   146  1813806   181646   1.450
   147  1826315   181646   1.460
   148  1838824   182962   1.470
   149  1851333   182962   1.480
   150  1863842   182962   1.490
   151  1876351   184297   1.500
   152  1888860   184297   1.510
   153  1901369   184297   1.520
   154  1913878   185592   1.530
   155  1926387   185592   1.540
   156  1938896   185592   1.550
   157  1951405   185592   1.560
   158  1963914   186873   1.570
   159  1976423   186873   1.580
   160  1988932   186873   1.590
   161  2001441   188185   1.600
   162  2013950   188185   1.610
   163  2026459   188185   1.620
   164  2038968   189566   1.630
   165  2051477   189566   1.640
   166  2063986   189566   1.650
   167  2076495   190886   1.660
   168  2089004   190886   1.670
   169  2101513   190886   1.680
   170  2114022   192192   1.690
   171  2126531   192192   1.700
   172  2139040   192192   1.710
   173  2151549   193405   1.720
   174  2164058   193405   1.730
   175  2176567   193405   1.740
   176  2189076   194680   1.750
   177  2201585   194680   1.760
   178  2214094   194680   1.770
   179  2226603   195960   1.780
   180  2239112   195960   1.790
   181  2251621   195960   1.800
   182  2264130   197309   1.810
   183  2276639   197309   1.820
   184  2289148   197309   1.830
   185  2301657   198637   1.840
   186  2314166   198637   1.850
   187  2326675   198637   1.860
   188  2339184   200005   1.870
   189  2351693   200005   1.880
   190  2364202   200005   1.890
   191  2376711   201441   1.900
   192  2389220   201441   1.910
   193  2401729   201441   1.920
   194  2414238   202776   1.930
   195  2426747   202776   1.940
   196  2439256   202776   1.950
   197  2451765   204163   1.960
   198  2464274   204163   1.970
   199  2476783   204163   1.980
   200  2489292   205535   1.990
   201  2501801   205535   2.000
   202  2514310   205535   2.010
   203  2526819   206850   2.020
   204  2539328   206850   2.030
   205  2551837   206850   2.040
   206  2564346   206850   2.050
   207  2576855   208135   2.060
   208  2589364   208135   2.070
   209  2601873   209401   2.080
   210  2614382   209401   2.090
   211  2626891   209401   2.100
   212  2639400   210709   2.110
   213  2651909   210709   2.120
   214  2664418   210709   2.130
   215  2676927   210709   2.140
   216  2689436   212120   2.150
   217  2701945   212120   2.160
   218  2714454   212120   2.170
   219  2726963   213463   2.180
   220  2739472   213463   2.190
   221  2751981   213463   2.200
   222  2764490   214896   2.210
   223  2776999   214896   2.220
   224  2789508   214896   2.230
   225  2802017   216367   2.240
   226  2814526   216367   2.250
   227  2827035   216367   2.260
   228  2839544   217694   2.270
   229  2852053   217694   2.280
   230  2864562   217694   2.290
   231  2877071   219023   2.300
   232  2889580   219023   2.310
   233  2902089   219023   2.320
   234  2914598   220373   2.330
   235  2927107   220373   2.340
   236  2939616   220373   2.350
   237  2952125   221711   2.360
   238  2964634   221711   2.370
   239  2977143   221711   2.380
   240  2989652   223102   2.390
   241  3002161   223102   2.400
   242  3014670   223102   2.410
   243  3027179   224638   2.420
   244  3039688   224638   2.430
   245  3052197   224638   2.440
   246  3064706   226043   2.450
   247  3077215   226043   2.460
   248  3089724   226043   2.470
   249  3102233   227336   2.480
   250  3114742   227336   2.490
   251  3127251   227336   2.500
   252  3139760   228773   2.510
   253  3152269   228773   2.520
   254  3164778   228773   2.530
   255  3177287   230099   2.540
   256  3189796   230099   2.550
   257  3202305   230099   2.560
   258  3214814   230099   2.570
   259  3227323   231546   2.580
   260  3239832   231546   2.590
   261  3252341   231546   2.600
   262  3264850   232893   2.610
   263  3277359   232893   2.620
   264  3289868   232893   2.630
   265  3302377   234194   2.640
   266  3314886   234194   2.650
   267  3327395   234194   2.660
   268  3339904   235707   2.670
   269  3352413   235707   2.680
   270  3364922   235707   2.690
   271  3377431   237114   2.700
   272  3389940   237114   2.710
   273  3402449   237114   2.720
   274  3414958   238523   2.730
   275  3427467   238523   2.740
   276  3439976   238523   2.750
   277  3452485   239899   2.760
   278  3464994   239899   2.770
   279  3477503   239899   2.780
   280  3490012   241269   2.790
   281  3502521   241269   2.800
   282  3515030   241269   2.810
   283  3527539   242683   2.820
   284  3540048   242683   2.830
   285  3552557   242683   2.840
   286  3565066   242683   2.850
   287  3577575   244123   2.860
   288  3590084   244123   2.870
   289  3602593   244123   2.880
   290  3615102   245559   2.890
   291  3627611   245559   2.900
   292  3640120   246874   2.910
   293  3652629   246874   2.920
   294  3665138   246874   2.930
   295  3677647   246874   2.940
   296  3690156   248225   2.950
   297  3702665   248225   2.960
   298  3715174   248225   2.970
   299  3727683   249604   2.980
   300  3740192   249604   2.990
   301  3752701   249604   3.000
